125
172 36 105 16
438 48 382 29
197 50 132 30
110 57 39 40
331 94 282 87
185 102 116 89
507 122 450 103
279 125 223 109
334 115 287 111
550 158 493 140
535 174 478 157
509 176 453 159
279 178 228 166
581 197 523 181
595 197 537 183
150 210 89 207
616 243 556 226
583 296 525 274
547 35 489 18
356 45 300 24
438 48 382 27
400 47 345 27
545 48 486 30
580 54 520 37
213 62 151 43
177 65 113 47
187 64 122 46
141 64 70 48
511 77 453 59
511 77 453 63
329 108 281 103
360 111 313 106
316 124 267 118
316 124 267 120
515 169 459 151
604 171 545 155
335 161 285 161
593 178 533 162
345 173 300 171
334 178 288 176
334 178 290 178
94 189 24 185
294 194 243 185
102 206 34 205
309 240 264 240
461 276 418 266
616 363 557 339
616 363 556 341
602 393 543 367
539 427 486 398
521 45 464 28
186 49 119 30
608 49 546 32
434 56 378 36
620 55 559 40
417 59 362 40
174 68 109 49
144 72 76 56
153 76 87 61
511 80 454 61
150 85 71 62
195 82 132 64
211 95 150 78
511 115 453 97
518 140 461 123
569 154 510 136
564 167 504 149
346 155 300 152
226 172 167 159
497 197 442 180
147 189 84 182
325 194 279 193
102 206 35 203
296 222 250 215
331 222 287 221
302 249 256 249
614 278 555 257
565 290 507 268
511 306 461 292
528 317 479 303
604 329 545 306
485 330 440 319
603 342 544 319
615 349 556 325
616 363 552 340
454 352 413 344
602 396 543 371
551 403 497 375
538 438 485 408
139 51 69 38
102 63 30 48
332 76 283 66
325 94 273 83
307 115 258 101
361 135 315 131
359 140 313 138
294 170 242 157
567 190 509 173
273 204 219 196
188 209 129 202
586 271 527 250
352 268 308 267
501 296 453 282
488 305 453 296
606 365 546 341
574 74 514 58
196 112 135 101
512 147 456 129
541 168 484 151
290 189 237 177
340 197 294 191
580 211 520 194
582 248 521 229
310 244 265 243
501 268 454 255
488 305 442 295
525 409 469 381
294 179 240 170
235 210 181 198
373 373 335 371
339 122 291 121
272 242 224 230
356 373 316 373
272 242 218 242
429 328 395 321
