68
194 22 129 40
215 27 150 41
194 22 141 42
248 40 218 45
215 27 137 49
248 60 221 74
178 52 122 87
181 54 124 87
181 54 131 89
170 59 119 94
290 81 267 98
373 92 355 104
373 92 350 106
342 96 315 112
360 97 335 110
379 115 357 125
396 124 375 131
396 124 372 133
352 142 293 154
411 151 392 156
203 132 151 165
218 136 173 166
350 156 328 169
335 155 309 170
117 130 55 178
315 170 285 188
328 176 301 192
388 192 369 199
429 199 421 201
399 199 384 203
380 198 364 206
394 206 380 210
419 216 412 218
591 43 571 53
263 62 241 69
289 65 266 74
290 81 271 91
175 61 121 95
171 63 116 97
337 83 308 100
211 80 139 103
205 72 164 104
434 134 418 137
355 123 329 139
419 138 401 142
151 105 87 146
227 122 162 146
396 146 376 153
348 159 311 167
385 208 373 214
213 29 169 51
338 44 305 62
251 60 225 65
159 91 95 129
355 123 327 137
163 114 102 155
348 159 312 166
364 190 347 202
386 196 369 202
381 208 368 216
264 55 247 67
159 91 103 124
209 125 152 151
150 113 91 154
232 136 189 163
395 215 386 220
204 75 164 99
195 141 146 178
