322
575 67 471 15
595 70 491 17
588 72 485 20
584 77 478 24
517 80 417 26
584 81 480 29
540 84 441 30
560 83 459 31
592 87 489 33
518 97 419 43
488 98 391 50
488 98 391 52
522 105 419 53
592 105 503 56
558 142 458 89
149 155 21 94
603 155 498 104
418 160 322 110
249 165 136 117
389 170 295 122
279 172 172 124
347 179 228 130
347 179 272 132
423 184 323 134
391 196 297 149
395 202 302 156
418 204 326 158
388 207 296 160
426 211 332 165
461 215 369 168
469 221 375 175
228 222 119 181
305 240 207 199
491 284 398 214
279 272 180 233
595 292 517 235
294 275 207 239
353 295 263 255
397 301 308 259
604 316 500 261
398 356 307 288
469 344 379 290
519 344 423 295
469 344 379 298
469 344 379 300
413 348 325 305
440 355 352 310
469 356 379 310
309 353 219 320
459 383 370 336
358 378 272 341
446 389 359 343
341 384 253 346
458 393 369 347
483 398 391 348
456 397 369 351
397 395 310 352
333 390 246 354
528 409 433 354
483 421 317 357
580 417 480 359
532 414 437 360
600 421 498 361
574 422 474 364
325 402 239 366
434 415 346 367
589 428 488 369
450 419 363 371
402 416 316 372
392 416 306 373
447 421 360 373
295 406 207 373
379 417 292 375
434 423 349 377
415 426 330 382
417 432 332 387
468 436 381 386
485 440 396 388
369 432 286 392
356 434 271 394
499 450 410 395
310 428 224 396
446 443 359 395
471 447 383 398
422 450 337 405
306 440 221 408
427 454 343 410
334 450 250 416
313 450 229 417
305 452 221 420
511 74 413 18
583 85 479 32
548 85 447 32
525 91 429 39
504 103 404 52
73 96 16 53
522 105 428 54
479 109 383 55
479 109 383 57
369 129 271 75
499 146 403 96
530 145 430 96
388 155 294 105
337 161 240 111
331 165 232 117
254 168 147 118
361 169 264 119
531 173 432 126
239 175 127 128
412 184 321 129
404 183 311 135
257 187 147 140
375 187 286 140
395 188 302 141
258 195 151 149
557 206 456 154
600 213 498 156
557 206 457 157
213 209 100 165
600 213 494 166
228 220 119 179
228 222 115 180
253 254 145 186
258 227 155 187
240 255 133 188
421 236 329 193
421 236 331 193
455 247 363 200
284 242 185 201
460 249 368 204
604 277 500 224
279 263 182 226
384 269 294 228
397 272 308 230
253 270 149 232
21 235 19 234
213 276 108 238
329 280 233 240
329 280 235 241
367 284 276 243
383 299 296 258
592 316 511 259
279 296 177 259
387 296 316 259
398 307 309 264
457 313 366 268
360 313 272 274
384 316 295 276
463 325 369 278
447 348 359 303
459 353 368 306
425 364 337 320
309 357 221 324
367 380 282 342
613 401 508 342
560 399 462 343
483 398 396 348
525 404 430 351
505 404 412 352
331 390 243 354
476 407 387 356
318 395 230 359
582 416 482 359
513 414 420 361
513 414 422 361
333 400 246 365
608 428 503 367
506 422 413 369
402 413 316 369
306 406 219 372
525 429 432 374
498 432 408 379
485 431 395 380
426 428 340 382
444 431 356 383
523 440 428 385
345 424 261 386
577 443 480 385
460 439 372 389
590 451 491 391
529 450 442 393
326 429 241 395
369 432 284 395
356 434 272 399
329 444 238 408
329 444 243 409
581 83 478 29
168 120 39 38
537 97 441 46
379 123 283 70
367 125 270 71
494 124 397 72
473 129 376 76
404 145 308 95
468 150 373 98
513 155 413 105
223 170 106 122
531 173 431 125
214 175 99 128
516 176 419 127
487 179 393 131
469 183 375 134
303 189 204 142
329 189 231 142
401 211 309 149
414 205 321 159
382 208 290 163
431 207 338 162
382 223 290 179
309 227 197 184
528 244 429 192
399 257 309 198
440 253 348 205
379 268 290 226
269 270 170 233
344 279 254 239
442 283 353 242
378 283 288 242
513 294 417 246
359 292 271 252
428 300 339 258
284 294 194 258
303 296 210 258
421 315 331 271
443 331 354 286
418 347 331 304
580 377 479 318
310 358 220 324
377 372 291 332
325 369 237 334
582 416 482 356
432 415 344 369
483 421 392 370
401 418 315 373
562 433 465 375
521 441 427 387
486 443 394 394
340 438 256 401
367 73 276 34
537 97 436 43
472 117 376 68
290 136 190 84
386 140 289 88
471 143 375 90
321 150 221 99
452 152 354 101
366 152 267 102
253 156 140 108
253 156 146 108
498 163 404 111
336 165 203 117
420 167 327 117
387 195 298 133
574 183 473 134
351 183 254 136
351 183 266 137
543 192 444 144
471 194 377 147
552 201 449 148
552 201 449 150
570 215 471 154
499 209 405 161
382 208 283 162
453 208 359 163
570 215 469 163
195 216 81 167
376 217 285 172
523 219 427 173
425 225 334 180
425 225 334 185
465 276 373 231
420 276 330 231
374 304 286 264
391 319 304 269
399 313 311 271
427 332 339 286
301 326 208 291
481 337 391 290
341 330 252 292
357 365 203 307
328 358 239 323
367 366 290 328
447 385 358 341
530 394 435 339
505 397 414 345
488 425 397 374
462 137 367 87
367 174 273 126
421 177 318 129
452 190 358 153
449 224 357 177
322 262 229 192
215 256 110 210
285 257 186 218
322 262 229 222
491 285 398 235
364 287 276 248
444 287 352 244
406 306 317 266
372 311 285 270
367 366 282 321
440 381 351 336
346 396 260 354
462 413 370 364
361 419 276 381
301 157 187 110
300 211 199 166
320 217 223 176
205 238 86 182
418 253 320 190
321 245 226 204
279 257 173 214
353 285 263 245
330 294 238 254
352 298 264 256
491 380 402 328
393 405 305 362
332 291 243 250
448 335 346 286
290 332 208 298
390 321 323 296
290 332 214 289
