208
253 11 400 13
427 32 596 33
445 35 620 35
445 35 614 37
328 33 476 40
359 41 528 45
405 43 579 45
405 43 569 46
341 42 490 47
138 31 286 49
330 42 485 49
419 48 586 49
419 48 586 51
131 34 280 52
48 42 202 55
318 48 470 56
119 39 269 57
325 54 476 61
375 61 535 66
235 58 377 72
170 67 317 83
137 88 284 104
119 95 269 111
133 95 280 111
94 97 245 114
105 97 256 114
125 101 274 117
213 108 355 119
113 105 267 120
199 102 338 123
69 115 222 130
101 115 251 130
29 115 185 131
58 122 211 137
180 140 321 142
31 132 186 147
113 137 260 150
68 140 219 154
199 131 338 156
85 147 235 161
36 157 189 169
48 158 200 171
74 162 222 174
126 168 270 182
90 172 236 185
117 182 261 193
110 184 254 196
98 186 244 200
125 190 269 200
31 193 184 203
104 194 249 205
152 195 293 207
61 199 217 210
213 200 348 211
73 201 221 212
318 198 491 212
367 205 454 214
367 205 499 216
339 205 440 217
217 207 354 220
451 212 595 228
386 218 459 230
53 226 206 232
262 218 402 232
106 459 246 460
463 446 581 461
121 442 297 465
263 15 411 20
320 21 471 26
390 26 552 28
377 27 541 30
377 27 544 30
398 27 561 30
435 29 606 30
377 27 535 31
435 29 603 31
377 27 529 32
313 28 465 35
359 41 545 41
403 44 564 48
407 47 572 50
356 51 512 56
356 51 516 56
335 51 487 57
356 51 506 57
128 43 277 61
119 56 269 74
205 66 349 76
116 83 265 100
141 93 290 110
272 107 415 116
43 100 197 119
122 110 265 126
69 126 222 142
64 129 216 144
214 134 354 147
178 159 317 166
87 156 236 169
59 161 210 174
65 168 214 181
280 175 420 183
208 172 345 185
51 190 202 202
77 191 224 203
337 192 485 204
216 199 352 210
288 199 441 214
339 205 452 216
170 210 293 220
228 209 367 221
87 215 257 227
184 218 320 229
48 226 202 230
184 218 315 230
184 218 325 230
356 209 604 230
184 218 311 231
356 209 601 231
386 218 502 232
211 218 345 233
236 223 376 237
67 236 216 248
109 447 246 448
434 26 607 27
313 28 464 30
365 26 525 30
428 43 597 45
428 43 584 47
431 46 574 52
190 34 336 60
97 46 249 69
305 59 454 68
150 58 298 75
283 71 428 84
111 75 261 92
128 76 276 92
182 81 325 96
217 84 359 96
217 84 360 100
86 89 238 106
284 98 428 106
99 94 249 111
43 100 198 118
97 110 253 125
57 112 209 128
49 134 201 149
256 138 396 151
182 140 324 152
44 143 198 157
150 145 294 158
47 150 201 164
66 151 215 165
135 161 278 174
386 150 541 183
41 180 193 190
51 190 201 201
294 186 436 200
267 196 406 209
59 207 211 216
102 206 248 217
170 210 312 220
231 217 375 229
117 221 262 238
247 227 387 239
44 240 195 248
299 435 444 437
94 442 234 442
34 429 259 442
124 447 263 451
448 450 588 451
420 24 534 34
132 39 280 56
97 46 248 64
136 47 285 64
143 66 291 82
147 76 294 92
200 82 347 109
86 108 237 124
149 131 293 145
415 137 567 172
116 160 262 174
371 164 524 179
121 177 259 187
121 177 266 188
232 174 368 188
135 190 278 202
178 188 319 204
242 193 379 205
115 205 258 216
197 230 328 239
156 240 262 249
322 340 464 357
147 65 295 82
197 69 338 81
339 76 493 82
74 82 229 97
118 84 266 102
86 132 235 147
154 134 297 150
75 144 226 156
371 193 524 203
158 208 297 220
377 258 516 281
378 70 540 74
119 121 268 136
158 208 291 234
290 253 432 281
215 142 355 158
