113
415 16 289 11
218 24 320 21
286 34 390 26
195 45 304 27
385 43 498 30
263 35 339 33
210 46 307 35
302 42 401 35
338 47 445 35
210 46 308 36
329 49 433 39
321 51 429 40
239 45 341 42
210 46 313 44
216 50 318 48
240 64 419 48
264 58 366 53
222 56 325 54
310 68 374 59
300 123 404 118
88 137 199 131
313 208 417 205
176 209 282 208
368 210 483 209
333 214 472 212
48 217 146 215
413 222 549 217
74 235 193 219
317 221 422 218
361 224 474 218
141 228 252 228
455 258 581 255
461 262 587 261
340 37 449 23
438 33 570 23
306 35 366 32
380 44 492 33
279 41 369 36
303 45 403 36
305 48 420 37
305 48 410 38
305 48 404 39
321 51 425 41
195 45 300 43
195 45 298 44
304 52 403 44
386 63 499 49
232 54 335 51
276 58 381 51
258 63 366 57
285 65 418 62
404 136 520 125
291 183 395 178
386 194 500 186
285 192 388 188
325 205 430 200
115 211 218 211
330 215 438 212
330 215 447 212
399 223 511 219
74 235 190 222
458 227 586 223
268 288 411 287
311 456 469 450
409 464 521 458
330 37 434 26
287 41 405 31
274 39 375 33
210 46 302 33
332 56 445 44
284 54 417 45
355 57 464 46
183 52 286 49
168 128 269 127
200 126 303 126
301 164 403 160
192 187 294 186
442 199 564 190
333 214 441 211
333 214 444 211
358 215 468 211
317 225 422 222
436 227 559 223
94 229 209 224
138 228 247 227
436 227 559 226
446 278 573 277
311 456 426 444
207 450 318 449
409 464 504 451
472 461 366 453
287 41 388 33
304 52 409 46
349 63 458 52
300 69 403 61
183 124 284 119
183 124 287 124
183 172 357 158
373 178 487 170
123 174 232 174
269 196 371 193
300 197 404 194
422 212 538 205
238 229 341 226
446 375 571 341
349 63 456 51
238 81 339 76
241 186 342 184
323 209 430 206
184 254 290 253
170 236 273 236
226 256 329 252
299 297 404 295
