240
183 91 196 99
130 48 206 101
425 83 497 123
451 89 525 126
122 119 216 169
47 119 128 170
167 131 244 177
189 133 260 181
161 144 237 188
435 147 509 192
195 171 262 209
219 176 290 224
221 180 291 227
177 192 249 235
239 254 307 296
172 254 247 298
177 258 250 302
173 276 244 325
485 309 571 355
520 308 597 361
460 324 541 370
488 328 572 375
87 342 163 388
52 350 130 395
191 352 261 397
483 354 569 403
173 359 246 404
453 357 536 406
64 379 139 422
459 372 542 421
172 376 245 422
503 374 591 424
465 377 549 426
442 377 524 426
485 376 571 426
502 376 590 426
465 377 548 427
447 382 530 432
439 385 520 433
65 389 140 435
521 387 610 437
433 389 514 439
521 387 610 439
407 390 487 439
434 394 516 446
491 395 578 446
367 400 443 449
172 404 245 450
462 399 548 451
344 406 419 456
18 416 88 460
45 418 164 462
173 415 246 462
149 418 226 463
180 417 252 463
147 59 240 98
183 91 196 100
80 61 160 113
23 72 107 124
437 91 509 131
166 93 238 142
66 110 143 161
50 110 130 162
173 121 248 171
44 127 126 178
450 137 524 179
77 130 163 182
77 130 165 182
49 137 133 186
408 147 481 186
364 151 434 191
432 157 506 195
432 157 507 198
377 158 448 199
222 175 285 201
254 167 323 211
446 183 522 222
431 184 505 224
206 181 279 225
186 192 257 234
248 193 316 234
248 193 316 237
186 192 257 238
210 214 280 263
253 244 321 288
479 249 561 291
172 254 245 295
218 254 288 298
216 274 286 322
166 297 243 341
478 303 559 346
256 305 328 348
437 311 517 357
474 313 556 359
82 316 159 360
467 317 549 363
460 321 541 367
188 341 264 368
287 326 357 373
501 326 588 373
54 332 133 374
499 335 585 383
313 370 375 391
447 346 527 393
180 350 253 394
453 347 536 394
418 350 497 398
501 355 588 403
448 360 529 410
488 362 573 410
488 362 573 412
211 371 279 416
477 366 562 416
514 359 602 417
496 369 583 419
418 373 498 422
43 376 120 424
451 374 534 424
521 368 610 424
473 376 558 426
96 378 173 427
178 384 251 430
241 387 313 434
343 391 419 437
465 387 550 438
44 393 122 441
418 389 498 440
341 398 416 448
428 397 510 448
484 396 570 448
419 399 499 451
452 398 536 450
265 403 335 450
396 408 472 455
165 413 238 459
165 413 237 461
417 410 498 462
411 76 479 111
437 91 508 135
184 93 256 143
154 118 224 165
58 114 166 169
74 123 155 177
49 137 128 190
239 156 315 197
233 163 307 207
487 177 565 215
239 184 309 228
427 185 505 230
231 189 300 234
330 192 400 233
186 192 258 236
454 197 527 238
277 257 345 300
234 260 304 303
468 275 551 317
178 275 250 319
209 305 280 328
272 293 342 335
238 295 308 339
272 293 341 338
166 297 239 342
183 305 256 349
440 311 521 355
174 318 246 361
199 325 263 363
76 322 153 365
199 325 267 365
496 324 583 371
472 333 555 381
507 336 593 382
521 342 609 391
301 351 373 395
514 359 599 401
100 363 176 408
56 362 132 410
431 362 512 411
491 366 577 415
265 376 335 422
424 374 504 424
364 387 442 431
498 382 585 431
77 387 153 432
442 385 524 435
452 398 535 449
136 134 209 182
252 153 319 198
138 173 212 222
427 185 502 225
403 198 477 237
173 210 245 253
209 215 279 260
301 253 369 288
163 248 236 291
483 260 565 299
188 257 260 301
484 283 567 326
299 302 370 343
481 302 565 349
201 308 273 355
482 308 567 354
454 315 538 361
377 325 453 369
73 323 153 379
336 334 407 378
451 337 533 383
485 339 571 386
424 344 504 391
243 357 312 404
474 358 560 406
102 371 180 414
331 377 403 426
347 378 418 426
104 80 179 124
252 153 327 194
308 181 377 224
152 220 225 255
170 210 242 254
249 214 317 256
169 282 240 323
313 274 384 319
481 293 562 337
153 300 226 345
209 310 280 357
453 308 534 356
167 324 239 368
475 323 558 370
347 378 415 419
163 71 250 108
270 208 338 250
366 210 439 255
165 224 235 269
150 243 224 294
441 296 519 331
320 282 398 336
131 326 172 341
153 345 226 395
198 170 269 216
159 223 231 266
213 255 277 292
