301
483 48 549 14
439 70 503 38
469 73 536 40
367 60 424 42
477 78 543 46
477 78 543 48
476 89 541 58
510 108 579 76
453 107 513 78
510 108 575 80
232 91 259 84
529 117 594 87
529 117 602 88
464 131 522 103
439 162 493 139
534 164 601 139
439 162 493 141
473 180 533 157
312 184 355 162
552 184 619 167
319 196 367 173
523 204 587 180
240 202 273 191
338 219 386 197
338 223 386 203
316 234 363 215
533 239 596 228
288 271 329 253
278 272 319 254
266 276 305 258
331 281 379 263
266 276 337 266
312 289 362 273
127 336 193 318
352 337 404 322
334 365 384 352
213 375 248 359
153 378 186 362
80 379 110 364
326 382 366 365
304 383 341 367
316 383 354 366
110 384 143 368
546 378 614 368
93 384 126 369
77 384 110 370
291 388 332 372
77 387 110 373
88 391 121 376
125 395 161 380
395 399 439 383
423 399 471 384
67 399 102 385
405 402 450 387
394 408 440 394
418 409 466 395
264 409 311 395
346 410 392 395
262 411 304 397
277 412 320 397
436 415 487 400
231 416 273 403
266 418 312 404
397 420 446 406
384 422 433 407
343 426 392 410
367 425 416 412
436 426 490 412
467 429 517 412
441 429 493 415
400 431 452 418
216 431 262 419
541 434 605 421
418 435 472 421
434 436 489 422
294 436 341 423
407 437 460 423
278 435 327 424
443 438 497 424
464 438 519 424
478 439 533 425
335 440 383 426
469 441 523 426
504 441 563 428
504 441 563 429
499 448 557 434
489 450 546 436
330 453 385 440
262 452 314 441
511 454 571 440
283 455 335 443
537 459 599 445
333 458 386 447
333 458 395 449
463 64 531 31
524 66 599 35
457 76 521 44
448 78 511 46
518 80 589 48
520 91 592 61
529 94 603 63
472 95 537 65
496 99 565 69
545 101 617 71
470 104 535 74
469 122 525 93
482 141 548 115
461 146 520 119
478 153 536 127
255 170 309 148
255 180 343 155
351 193 405 168
316 196 364 174
496 189 548 177
293 202 352 180
293 202 356 180
310 208 358 188
315 209 362 188
293 210 338 202
341 222 389 202
520 239 588 208
521 254 594 218
521 254 592 221
263 248 323 232
511 258 575 240
489 271 547 250
312 273 358 255
441 274 493 255
298 282 343 265
298 282 348 266
477 285 535 273
505 289 562 276
525 300 590 283
446 306 498 287
446 306 498 289
424 321 477 301
514 324 576 307
335 334 385 318
247 335 283 318
525 334 591 318
432 336 479 319
286 339 333 320
432 336 478 321
538 337 605 322
103 349 147 332
476 349 532 333
61 351 93 335
271 361 305 343
502 366 564 350
189 372 222 356
223 373 256 357
243 374 277 357
122 377 154 361
138 381 171 364
274 382 308 365
23 387 54 372
139 391 175 376
547 394 603 375
122 399 170 381
174 398 211 384
77 399 112 385
193 403 232 387
92 401 129 388
457 408 509 394
383 410 429 396
416 412 464 397
152 411 192 398
277 412 323 398
50 412 87 399
241 411 284 400
251 414 294 399
538 414 603 400
424 417 471 401
138 417 179 403
266 418 310 404
459 421 510 404
99 423 141 411
471 426 525 411
228 424 272 412
485 426 542 412
368 433 419 419
35 432 76 422
245 434 292 422
357 437 409 424
528 441 589 427
413 443 466 429
283 443 334 430
169 442 217 431
453 448 509 435
386 449 443 436
68 455 113 446
89 456 137 448
533 65 609 30
502 69 569 37
529 94 603 63
501 95 567 65
458 98 522 68
354 126 410 100
462 141 519 114
460 168 517 147
396 174 454 151
309 176 356 153
255 180 293 163
325 182 366 165
479 213 536 191
341 222 393 204
498 235 562 216
392 245 448 227
339 252 391 234
377 249 433 235
338 267 386 250
367 264 423 251
446 276 500 256
265 281 306 262
391 284 447 264
316 284 359 266
290 286 331 268
472 290 529 273
460 308 515 291
373 330 429 311
335 334 383 319
373 355 428 342
275 371 310 356
151 386 187 372
372 385 426 373
69 386 99 374
268 392 307 376
355 389 411 376
162 399 198 386
193 403 233 387
207 405 245 390
315 405 358 390
383 410 426 398
162 414 203 401
191 417 233 403
258 418 305 405
290 424 337 411
103 424 145 412
464 432 513 416
172 431 217 418
413 434 465 419
437 435 486 419
298 435 347 422
437 435 494 424
376 438 428 425
492 439 550 425
65 449 108 439
465 87 530 56
496 115 560 88
435 119 488 92
352 155 412 136
407 174 465 144
365 174 423 150
469 232 527 213
396 239 452 219
396 239 452 223
286 253 326 234
343 254 397 235
348 282 404 257
348 282 404 264
265 291 303 273
290 286 331 272
307 290 349 276
313 297 357 279
439 316 488 300
356 320 411 305
199 372 232 355
297 374 334 356
434 387 483 370
174 390 210 373
434 402 486 386
434 408 483 393
439 421 491 407
493 424 547 410
416 436 467 422
68 443 113 433
278 449 334 436
245 450 296 441
433 450 487 440
538 465 592 449
538 465 599 451
296 177 344 153
365 174 422 156
314 222 362 202
297 374 333 361
332 379 374 362
398 422 447 407
280 424 327 411
355 426 404 412
252 426 298 412
212 447 264 433
392 158 450 129
302 164 348 141
397 197 453 181
281 266 326 246
280 286 328 270
334 398 383 384
403 410 453 397
78 422 114 409
395 171 452 143
334 398 371 384
