10
43
-196.9198 101.3138 -841 -113.5931 68.96725 -797
-202.3901 91.49142 -817 -122.3822 61.1911 -784
-43.22267 26.6693 -542 13.16668 5.76042 -485
-56.46061 -22.01007 -564 7.757479 -43.95905 -508
20.77315 -44.51388 -583 102.8307 -53.65081 -527
13.46869 -57.72298 -567 81.96255 -70.1329 -498
-10.91341 -65.48045 -536 76.4295 -73.06996 -495
96.74961 -121.2284 -687 164.9024 -114.8758 -546
-233.4574 122.7148 -882 -145.2033 86.83728 -839
-109.2613 64.74747 -795 -31.68655 43.09372 -747
-21.42639 -11.68712 -574 45.26214 -32.20576 -513
-93.62253 -22.90764 -587 -27.82478 -50.26412 -529
-108.413 320.2353 -983 -33.03037 297.2733 -927
-218.4769 235.0862 -753 -156.7021 197.3729 -705
-221.2375 210.8263 -767 -155.1496 172.2527 -720
-120.638 238.0589 -948 -41.13907 214.8374 -898
-159.9089 149.0413 -915 -74.85153 126.2202 -865
-132.6848 131.1238 -920 -46.96567 108.6081 -865
-228.4486 120.9434 -880 -140.1742 88.68163 -843
-251.1068 46.28697 -682 -178.9412 7.732028 -651
-30.85176 17.76313 -551 26.55053 -3.318817 -489
-61.13681 -8.597363 -563 -0.8670323 -30.34613 -511
-21.42639 -11.68712 -574 43.52129 -30.4649 -513
-70.73355 -27.50749 -579 -3.542786 -53.14179 -522
-71.72614 -40.98637 -549 -6.651207 -65.68067 -490
153.9279 -101.3359 -756 229.0594 -94.38097 -625
-37.86607 -127.6879 -519 32.27872 -149.5843 -464
-237.6449 222.4761 -745 -175.3425 182.4993 -703
-221.3444 44.0371 -683 -148.2014 6.586731 -647
-24.48391 16.9504 -555 34.91884 0 -490
-61.13681 -8.597363 -563 0.8653356 -30.28675 -510
-30.78559 -41.36813 -567 37.20943 -59.70816 -510
-13.51451 -59.46383 -531 49.3377 -77.9854 -469
67.71675 -113.5558 -614 147.141 -122.311 -542
-174.6145 65.15469 -768 -100.0532 37.05672 -728
-132.2979 57.63475 -772 -52.23912 32.80131 -716
-52.07285 -2.840337 -558 6.827668 -24.7503 -503
62.60958 -114.7842 -615 140.9632 -124.3793 -543
20.86647 -127.0957 -559 94.33176 -139.4107 -492
-122.3008 107.0132 -901 -36.74792 81.97613 -833
14.12533 -123.3612 -555 86.64215 -136.628 -491
-215.0308 51.02426 -716 -151.8579 31.58645 -716
90.09671 -97.30444 -708 189.5034 -103.8521 -631
