0
300
10
76
144 38 182 58
252 171 309 182
182 169 236 189
174 174 228 194
273 211 336 233
261 263 329 291
295 269 368 292
341 285 435 300
334 300 417 323
308 312 411 327
403 344 498 364
128 39 166 61
151 43 190 61
308 93 364 98
313 106 371 111
265 134 319 150
295 152 354 167
164 158 218 179
154 158 206 181
300 169 362 184
247 177 303 189
288 176 348 194
290 178 351 197
243 185 300 198
239 192 295 206
309 194 374 209
309 194 374 211
277 196 337 216
97 189 150 222
298 252 372 277
226 263 289 296
255 48 299 51
149 56 189 75
150 78 193 99
245 92 293 99
313 106 368 112
267 118 322 134
217 144 269 154
285 142 340 157
235 156 288 166
167 159 222 178
289 159 345 178
279 193 341 214
103 200 158 233
287 221 352 244
256 249 319 275
298 252 370 275
248 268 316 300
243 284 312 319
440 319 536 329
211 291 277 333
277 385 361 430
132 64 173 87
263 183 318 196
247 218 310 233
129 202 185 234
294 222 362 240
256 249 321 275
260 269 336 299
288 283 363 309
233 274 297 311
305 306 382 338
385 349 480 373
186 190 239 210
219 196 277 213
265 243 328 269
380 350 473 375
342 374 433 407
240 170 294 182
237 177 294 188
335 371 424 404
291 121 347 129
159 280 219 317
276 331 355 372
143 198 195 214
395 321 497 337
