227
580 132 478 71
580 132 478 71
584 146 481 86
602 148 496 90
602 148 495 92
605 204 495 143
441 210 338 148
349 223 235 164
434 228 330 168
492 229 389 170
506 230 403 170
514 230 410 173
350 235 239 175
522 265 418 204
491 267 388 207
385 252 314 212
416 248 269 214
475 286 276 217
472 282 364 222
384 281 280 223
491 300 387 239
428 286 328 242
249 312 115 244
383 295 270 251
470 311 372 252
458 301 331 253
421 280 360 253
358 311 250 255
491 300 386 254
326 310 217 264
490 333 387 271
488 342 383 280
460 331 373 290
472 360 367 297
196 347 43 298
218 353 80 305
198 356 48 307
572 355 463 330
219 381 80 334
237 386 108 341
573 405 461 341
582 409 469 344
231 392 102 348
235 390 111 348
231 392 105 350
224 393 98 351
231 392 108 352
231 392 109 353
329 406 218 354
330 418 217 362
231 406 114 365
364 424 253 366
382 428 272 368
353 429 241 371
282 421 167 373
265 420 148 375
238 418 121 376
582 409 467 376
203 417 77 380
335 437 225 380
293 435 178 385
174 417 45 386
312 441 197 389
184 428 58 393
272 440 157 394
323 447 213 394
290 451 176 401
289 459 179 410
219 448 97 411
231 456 113 416
220 458 101 420
586 111 484 50
250 139 100 64
318 114 196 66
570 145 468 84
580 169 479 109
590 209 483 147
490 215 388 155
464 225 359 165
493 227 391 167
532 227 427 167
357 231 247 171
500 235 397 175
534 236 429 177
507 245 404 183
516 244 412 184
507 245 404 185
326 248 211 187
367 246 257 187
520 257 417 196
247 262 105 203
350 271 241 215
312 278 194 220
326 248 212 223
433 259 309 227
362 284 253 228
455 291 309 236
456 273 313 239
455 291 355 240
345 286 235 245
412 304 309 246
515 319 411 258
427 320 316 260
244 313 102 263
479 329 375 267
487 332 384 269
361 325 253 270
428 338 318 278
338 337 229 283
190 334 38 286
485 350 382 286
202 337 54 288
467 356 360 293
229 352 89 303
321 360 207 310
281 369 161 320
268 395 155 347
340 402 233 347
343 413 235 357
193 398 62 360
273 409 157 362
400 426 287 362
549 460 357 365
367 434 259 374
238 418 96 383
174 417 47 384
238 418 92 384
184 428 54 396
312 452 205 398
281 448 166 400
246 138 92 53
324 118 200 55
571 131 470 71
611 162 504 103
588 205 480 143
554 214 452 152
433 221 311 163
229 228 80 167
512 224 412 167
417 226 316 168
447 228 345 168
261 210 121 175
329 235 214 175
413 248 303 189
330 259 215 195
534 269 431 207
485 268 382 208
221 274 73 217
518 305 414 242
345 286 236 250
284 312 154 250
503 319 399 257
483 330 379 268
374 326 269 270
562 332 454 273
518 305 411 275
420 334 318 276
295 340 179 278
445 339 344 279
482 346 378 283
467 356 359 292
288 363 165 310
210 365 71 319
189 372 42 328
233 384 105 337
346 414 233 359
475 444 310 358
203 404 85 368
369 433 258 373
364 435 245 375
238 418 122 379
318 68 191 30
224 142 63 58
499 179 395 115
577 176 472 117
395 199 290 136
485 201 386 140
354 218 231 159
389 222 272 161
438 225 336 165
448 224 344 164
470 227 365 167
470 227 368 167
235 230 85 167
517 231 414 171
372 232 262 172
454 242 351 183
205 280 51 223
513 253 409 224
529 287 425 225
362 330 253 275
531 308 420 276
362 330 252 278
431 341 319 281
277 350 150 294
392 357 281 299
203 369 63 326
308 390 198 334
437 417 315 345
200 399 66 364
342 439 232 382
390 213 271 154
390 213 278 153
409 241 271 181
409 241 300 181
432 250 324 190
470 276 367 216
362 285 253 228
342 290 232 234
382 293 273 236
351 298 241 241
362 299 253 242
490 315 387 254
427 346 321 286
556 354 444 300
510 369 406 306
488 371 372 311
395 413 280 349
255 190 110 121
406 217 301 157
422 217 322 157
433 267 327 207
428 277 320 217
434 354 330 294
436 341 332 291
370 210 243 162
275 356 156 306
