37
581 27 539 41
392 35 367 43
597 29 553 44
555 50 514 64
551 69 510 82
543 102 501 116
548 111 507 122
545 120 504 131
553 124 513 134
572 162 534 172
618 168 583 177
576 180 539 190
389 26 363 34
590 19 547 35
389 26 364 36
609 25 564 41
587 33 545 48
568 43 526 54
551 67 511 77
564 126 522 137
567 156 527 166
545 166 509 176
562 31 521 45
568 43 527 57
466 48 432 60
551 69 511 80
539 99 499 110
539 99 497 116
561 129 518 140
614 144 569 154
606 157 564 167
384 177 369 182
554 99 512 110
603 181 567 190
504 81 469 92
581 159 541 168
519 297 488 305
