10
113
0 0 0 0 0 0
-249.735867521822 528.852425340328 -1443 0 529.509062389579 -1425
-80.8800384073906 490.037879762426 -1402 156.897229829895 479.657245479963 -1321
-322.167854590151 502.581853160635 -1519 -39.1742537289132 521.507252766157 -1443
144.035966694709 436.539775982426 -1306 370.577445422601 437.198109768238 -1227
-137.237143293299 493.57218201976 -1419 45.0042405537809 490.309357612245 -1396
-273.802378908295 482.887831892812 -1467 -31.6967357029551 499.833139931215 -1437
-41.9636886358057 461.600574993863 -1374 177.429438959034 449.049814649408 -1291
40.9863683764565 439.464949814228 -1342 271.902033959561 445.91933569368 -1282
-273.802378908295 482.887831892812 -1467 -29.2585252642663 497.394929492527 -1437
20.7375142530655 440.096135815058 -1358 248.483675939531 441.99308729067 -1296
2.31265193314747 437.091215364871 -1363 240.612515031335 441.490853268504 -1301
-197.495045533797 475.451035544327 -1437 49.5277402263937 466.975836420283 -1390
-273.802378908295 482.887831892812 -1467 -17.067473070822 477.889245983016 -1437
-254.632649237936 465.194263030844 -1443 -4.81533836116839 462.272482672165 -1419
-197.500135743481 434.500298635659 -1455 219.377856965788 425.460086236679 -1306
-135.399577597335 440.048627191339 -1425 106.772238333899 434.052360183457 -1368
-243.933028481936 457.996706537512 -1467 12.038345902921 447.82646758866 -1419
-23.4998013749761 404.196583649589 -1385 124.883204389963 418.589999899692 -1363
-47.3728847934536 277.131376041704 -1396 188.989305151649 274.484467005966 -1326
-655.415398926048 290.981836592168 -1665 -329.104113653032 296.465689158516 -1603
-16.3785980269057 74.8735909801404 -1379 215.768898299753 77.8547571184677 -1311
-335.709509086446 72.2707970949987 -1374 -95.8113201474477 80.6832169662717 -1486
107.586671883356 67.2416699270977 -1321 344.327234081644 65.4855475860796 -1245
29.954187254428 59.908374508856 -1358 323.411562489635 59.5758141428275 -1254
-639.19459739935 54.049543162445 -1385 -418.93443742165 60.1917295146048 -1419
188.251224747453 36.4357209188619 -1193 457.326495595771 45.9323554528504 -1177
-570.999361524762 11.6056780797716 -1368 -299.524905178666 49.5277402263937 -1390
-6.38312294387437 40.4264453112044 -1254 210.103494921339 45.316440081073 -1214
85.0794613967817 33.2017410328904 -1223 327.666977785551 46.8095682550787 -1254
-409.105242521633 27.4260497779865 -1347 -153.568232696486 27.1002763582035 -1331
264.105529460065 -35.2140705946754 -1153 509.27547889524 -29.2687056836345 -1150
296.657420389951 -46.2869733941767 -1240 517.358731873607 -40.6911362147781 -1142
44.3187589829874 449.835403677322 -1306 279.508503964183 470.180971784711 -1277
252.871436687234 443.596503341164 -1263 492.477786937676 427.470719061903 -1161
-32.6384244945155 477.91978724112 -1374 106.381988924783 481.031602094673 -1363
133.465297917373 435.986639863419 -1311 358.086070857795 430.952422485834 -1227
-97.8796420157578 475.074360027703 -1407 112.405403717647 467.973517518369 -1352
-39.6323726004832 454.606626887895 -1374 182.514558433461 448.589999041277 -1296
-35.0969957719408 449.241545880843 -1379 221.593794914937 449.835403677322 -1306
-35.0969957719408 449.241545880843 -1379 199.434415423443 447.619465728173 -1306
-35.0969957719408 449.241545880843 -1379 186.851417084323 447.1087480232 -1311
2.31265193314747 437.091215364871 -1363 231.782697965965 439.283399002161 -1301
-322.167854590151 502.581853160635 -1519 -48.9678171611415 482.332999037244 -1443
-322.167854590151 502.581853160635 -1519 -53.8645988772557 479.884608179187 -1443
-37.7354211248714 443.391198217238 -1390 186.739432471272 440.975045353847 -1326
146.251904643858 392.221016999439 -1306 370.229614427521 395.049476847243 -1219
-216.354272413426 457.294257601105 -1449 35.8096251277163 451.201276609225 -1407
-105.489505493503 436.342954541307 -1413 140.554263270778 435.487799314377 -1358
-151.169047198709 431.563247647927 -1437 106.772238333899 424.76781771964 -1368
-83.912106642559 419.560533212795 -1413 217.99331993171 395.947050488207 -1311
184.000899661221 227.810637675797 -1291 409.252858602472 235.320393696421 -1206
-68.9859151121861 135.593005565331 -1402 170.776534901902 141.175268852239 -1342
146.251904643858 101.933145660871 -1306 374.741236944204 112.422371083261 -1227
-83.5557919646713 114.590800408692 -1407 155.414282075257 118.846215704608 -1347
11.5632596657373 80.9428176601613 -1363 242.819969297677 88.2981706537008 -1301
-475.832801270635 67.3129328626752 -1368 -240.563309671055 68.3954507888293 -1390
23.1265193314747 57.8162983286867 -1363 256.675520057826 60.9060556069417 -1282
23.1265193314747 57.8162983286867 -1363 275.175038786444 60.6685124883498 -1277
161.118710394583 34.6711148950369 -1202 395.049476847243 43.4347592345136 -1219
-570.999361524762 11.6056780797716 -1368 -306.60029663958 42.4523487654803 -1390
290.345560381654 27.3513933692863 -1240 517.22638642182 33.0558216886126 -1146
-110.640797693822 -102.12996710199 -1254 182.967587095346 -94.4997427855086 -1185
-18.0956954270123 -434.296690248295 -1185 279.359191146783 -393.727719065935 -1105
0 0 0 370.032792986402 -401.329098860873 -1085
22.6684004599047 460.168529336066 -1336 249.715506683085 468.764196755967 -1291
-77.8293060700472 469.334300240588 -1390 184.893383092501 454.620200780386 -1282
-109.816183724997 479.848976711398 -1407 125.236125594728 471.34323632925 -1342
-273.802378908295 482.887831892812 -1467 -44.0710354450274 506.816907617815 -1443
27.6500190040874 423.966958062673 -1358 270.841573608705 424.679587418449 -1277
-85.9431003065191 444.039351583682 -1407 215.768898299753 433.762218231463 -1311
79.3394016096666 414.831728416257 -1336 307.611551630156 414.421118168405 -1259
-357.745026808959 490.920182774338 -1539 -83.9375576909796 471.531574087562 -1455
-398.719518029486 293.793329074358 -1546 -130.319548332593 288.747234540843 -1506
-306.634231370807 291.302519802267 -1506 -42.1418459747496 282.598261242438 -1461
-44.8108125857847 179.243250343139 -1390 186.739432471272 179.989814430142 -1326
-329.899883100314 136.599170346224 -1519 -64.7169259237789 134.412076918618 -1467
259.580333050891 87.2360135662831 -1254 482.314334935069 98.8349046998092 -1165
29.954187254428 59.908374508856 -1358 263.201168872855 63.0812718786181 -1282
29.954187254428 59.908374508856 -1358 269.726817687884 63.0812718786181 -1282
85.8175418009777 56.4589090795906 -1331 316.156316953216 61.9495485921843 -1259
-6.35767189545382 31.7883594772691 -1249 207.161353723923 36.5578859512805 -1197
234.020693490412 26.2264570290979 -1189 474.052924617758 33.7192456841083 -1169
-520.742024576979 25.3458507537468 -1358 -258.776079920802 37.3010565651606 -1374
-415.961754966129 27.4260497779865 -1347 -166.841802816085 29.7115539261521 -1347
234.020693490412 26.2264570290979 -1189 474.052924617758 27.7687905633833 -1169
245.85712774253 -74.147387731874 -1150 496.670422980821 -72.6355954556933 -1157
-18.0956954270123 -434.296690248295 -1185 204.673937924954 -393.900786195195 -1138
-238.705383136355 -443.611773970217 -1245 -4.13664373662034 -432.279270476826 -1219
0 0 0 338.73648711193 -388.442384677267 -1085
319.800907087039 -464.973687277866 -1240 92.489109960285 -428.264791772624 -1185
-77.8293060700472 469.334300240588 -1390 152.414451834755 463.967522496974 -1321
-37.7354211248714 443.391198217238 -1390 199.483620783723 434.829465528565 -1321
66.0335934954021 403.032622368489 -1342 295.731002227443 402.879916077966 -1263
-47.1692764060892 403.297313272063 -1390 186.739432471272 402.727209787442 -1326
-354.490686084251 300.152697706373 -1525 -90.7686190870557 305.083414153715 -1486
-354.490686084251 300.152697706373 -1525 -82.8686136573164 291.295732856021 -1480
-354.490686084251 175.951581414081 -1525 86.9492650874115 192.698371274804 -1385
118.793616871206 138.966117849335 -1321 351.360207128523 147.276733526926 -1240
-535.81413545163 179.511334719835 -1603 -233.973184866693 175.47988865002 -1567
-123.310329597573 106.385382397906 -1425 118.37791641367 109.093373949853 -1368
-47.3728847934536 101.851702305925 -1396 188.989305151649 103.494143297332 -1326
220.141388418404 60.430969369758 -1272 439.797510180257 70.6096920014173 -1189
-179.619925859763 24.095355908017 -1291 45.1807011561634 30.1204674374423 -1268
241.79514041461 -259.066221872796 -1131 492.744174577811 -198.275544352028 -1157
66.0335934954021 403.032622368489 -1342 291.445045673422 405.022894354976 -1263
-203.272433525263 394.150206469716 -1461 45.3588584951073 391.518568063031 -1407
-195.031384046688 133.31259162685 -1455 52.5207835206505 133.689267143474 -1407
6.9379557994424 71.6922099275715 -1363 241.886764188924 74.7649998402128 -1296
-303.675122807778 -31.260674406683 -1316 -65.9691175060701 -28.5866175859637 -1296
-340.026006898571 9.0673601839619 -1336 -104.946549793864 8.93162125905229 -1316
-205.905768668509 -35.0477904116611 -1291 19.2868044930941 -25.7157393241255 -1263
-43.8979683157676 -119.151628285655 -1232 169.463260803402 -110.958087430799 -1189
