530
426 12 471 22
155 19 167 24
452 18 505 32
479 23 531 35
376 27 417 37
468 32 520 42
460 28 512 43
451 36 503 48
185 45 202 50
451 36 503 50
522 38 561 52
536 47 578 53
522 38 562 54
313 49 337 59
317 54 341 62
534 57 576 63
529 50 568 64
232 61 257 65
478 52 528 66
532 61 574 67
557 61 606 67
478 52 527 68
87 45 189 69
429 57 480 69
435 57 486 70
435 57 485 72
405 70 452 74
362 64 403 75
532 61 573 75
460 71 511 81
482 72 531 81
470 73 518 83
526 80 569 84
485 68 528 87
423 79 474 89
430 81 481 91
423 79 471 93
430 81 479 94
335 92 360 97
435 86 486 98
467 86 513 98
387 88 427 98
499 92 539 99
365 90 407 102
546 98 599 106
549 103 603 111
569 103 622 111
549 103 604 113
542 109 595 117
229 116 235 119
335 92 463 120
393 115 425 122
335 92 463 122
461 119 505 129
557 121 612 129
546 124 597 130
565 126 618 132
565 126 620 134
487 141 524 146
540 149 591 155
455 150 492 157
300 152 318 161
545 156 596 162
481 157 519 163
319 162 341 170
289 166 310 176
304 166 328 176
335 172 360 180
297 171 321 181
349 179 374 187
329 180 355 189
360 184 388 192
311 183 337 193
341 186 368 194
494 192 533 196
272 185 300 198
352 190 380 198
371 191 399 199
365 198 394 206
387 199 418 206
293 198 324 208
381 201 410 208
376 204 408 212
404 206 436 212
365 207 397 215
412 210 444 216
261 206 293 219
346 211 377 219
322 211 355 221
282 155 432 222
356 215 389 223
297 214 330 226
419 220 453 226
257 214 291 228
442 226 476 230
233 216 268 233
425 228 460 234
426 233 462 240
460 236 496 241
331 235 370 246
451 242 487 246
474 242 513 246
459 246 498 250
408 245 447 252
347 244 387 253
315 243 355 255
220 238 265 256
240 244 280 258
309 244 349 258
226 241 269 259
297 246 339 259
211 242 255 260
211 242 253 261
413 254 454 261
194 242 241 262
451 259 494 265
226 249 270 266
402 258 445 266
261 252 306 268
328 258 372 268
465 263 507 269
249 254 294 270
438 264 481 270
206 253 250 272
231 254 277 272
249 254 296 272
300 257 343 271
393 264 438 272
238 257 284 274
304 260 349 274
452 268 496 274
350 265 395 276
260 260 306 276
227 262 275 281
369 272 416 282
261 268 309 284
308 270 356 284
473 280 520 285
247 267 296 285
187 264 236 285
195 267 245 287
355 277 403 287
261 268 314 288
160 265 210 289
368 281 419 292
194 274 244 296
388 287 439 297
153 276 203 298
242 279 295 298
259 281 311 298
429 290 479 297
468 293 517 298
413 291 465 300
365 288 416 300
201 279 253 301
229 283 283 303
276 287 329 303
276 287 330 305
281 285 340 305
218 286 273 306
266 288 320 306
417 298 470 306
389 296 442 307
463 302 514 308
426 301 479 309
448 304 500 310
206 290 261 311
166 287 220 312
178 288 234 312
448 304 501 312
295 297 348 313
279 295 335 314
353 306 407 319
374 308 430 320
327 306 384 321
263 303 321 322
361 311 418 323
233 303 291 324
206 306 265 328
517 318 613 328
149 305 207 331
435 323 493 331
268 316 326 333
458 328 516 334
145 312 204 338
296 322 357 338
438 332 498 338
138 318 199 345
405 332 467 346
430 338 493 347
211 325 275 348
349 336 412 350
248 332 312 351
265 332 329 351
228 330 293 353
321 336 385 353
517 318 595 353
371 343 436 356
268 337 335 358
139 331 204 359
113 332 177 361
421 352 487 362
316 346 384 363
168 339 235 365
195 343 265 367
427 357 493 367
155 341 222 369
270 349 338 369
282 351 351 371
416 359 484 370
139 344 207 371
221 350 292 373
325 355 394 373
101 344 167 375
369 362 438 375
311 359 381 376
180 350 250 377
245 354 316 377
418 367 485 377
424 369 492 379
445 370 514 381
441 373 512 383
244 362 316 384
369 370 440 384
357 369 428 384
164 361 235 389
289 372 363 391
146 363 219 392
184 367 259 393
255 371 327 393
227 370 301 394
89 361 161 395
339 378 413 395
178 374 252 400
90 369 164 403
275 382 352 403
299 384 374 403
473 389 556 402
331 386 407 404
181 382 258 411
321 392 399 410
375 394 452 411
260 389 338 411
101 379 178 413
313 394 392 413
359 398 437 414
477 408 561 416
332 398 411 417
292 400 373 420
301 401 381 421
362 405 442 421
317 405 398 424
445 416 524 425
296 405 376 426
176 400 258 428
350 411 433 429
397 416 476 429
333 411 415 430
406 417 488 430
342 413 424 431
203 405 285 432
469 422 550 434
410 423 493 437
351 421 435 439
180 411 263 440
421 429 505 441
195 414 280 442
341 425 426 443
52 404 133 443
204 415 288 444
172 415 257 445
60 409 143 446
443 434 527 446
164 421 251 452
346 438 437 458
171 430 259 462
188 24 213 29
540 21 581 30
455 24 509 36
563 34 612 42
563 34 612 44
567 37 616 45
562 38 611 46
390 44 426 57
440 55 490 69
481 62 530 71
400 64 442 74
399 68 441 76
391 89 432 99
357 109 385 117
394 117 424 126
356 119 382 129
537 123 587 130
403 126 434 134
453 125 496 133
389 129 419 138
551 137 601 144
367 138 396 146
381 144 411 151
536 156 581 160
443 163 479 168
486 169 525 172
389 178 418 182
308 173 332 183
284 173 310 185
173 127 307 187
419 191 452 196
320 190 348 199
312 192 340 202
355 200 385 208
317 201 347 210
321 217 354 227
415 229 450 235
231 226 270 243
459 240 496 244
228 231 269 248
361 242 401 252
189 237 231 253
220 238 265 256
239 248 285 266
428 259 468 266
218 249 263 267
356 258 399 268
247 258 295 276
237 263 284 281
467 278 512 282
152 264 197 285
235 268 282 287
259 272 310 290
360 283 410 294
139 276 188 300
335 288 385 301
367 291 425 303
237 286 287 307
447 299 498 307
333 298 388 312
250 297 307 316
452 314 508 320
279 306 336 322
246 307 308 327
321 313 379 327
365 315 423 327
302 312 361 328
444 322 500 329
321 316 378 331
331 318 390 332
268 316 328 334
346 322 405 337
372 325 433 338
241 319 303 339
310 322 370 339
296 322 357 340
224 323 288 344
339 329 401 345
119 320 181 348
414 338 476 348
370 337 434 350
161 326 225 352
394 342 458 353
137 328 200 356
176 334 243 360
369 347 434 360
352 347 419 361
417 351 484 361
200 340 267 364
163 340 231 365
304 348 372 366
390 354 457 366
163 340 232 368
406 356 472 367
314 350 383 368
138 341 205 369
164 343 233 369
172 343 242 370
254 350 322 370
373 356 441 371
436 365 503 374
437 370 507 381
248 358 320 381
330 367 400 384
186 358 258 384
308 367 380 385
197 360 270 387
369 373 441 388
440 380 511 390
239 373 312 396
195 372 271 397
236 376 311 399
499 374 577 400
75 366 148 401
181 375 257 403
244 379 318 403
222 380 297 404
299 384 372 404
397 395 472 408
76 375 151 410
94 376 170 410
329 391 406 409
426 398 505 410
473 401 557 411
343 395 421 413
213 389 292 415
414 403 491 416
278 396 357 417
484 404 565 418
200 396 280 423
170 392 254 425
298 406 380 426
282 409 365 431
376 419 459 435
315 418 398 438
456 430 538 441
270 426 339 442
413 435 498 447
389 434 475 448
402 438 488 452
335 432 423 453
567 37 614 45
447 53 497 73
378 63 417 75
399 65 441 75
364 76 405 88
538 90 584 97
451 111 496 121
417 133 450 142
209 116 312 148
388 168 419 172
358 188 386 196
375 196 401 202
387 199 417 203
350 199 381 208
415 216 446 220
415 216 449 222
322 215 356 226
401 227 437 234
359 227 396 236
375 230 411 238
329 230 367 241
220 238 258 256
268 242 309 257
323 244 364 256
443 255 482 259
290 246 334 262
415 257 458 264
456 274 501 279
190 260 237 281
229 268 278 288
259 272 310 288
357 290 412 303
202 286 256 307
371 297 425 309
173 286 229 311
218 292 273 311
345 302 399 312
395 308 451 318
272 303 330 320
246 307 305 327
299 309 356 327
229 308 288 328
271 318 332 334
265 336 331 357
204 336 271 360
280 344 347 363
427 355 493 364
302 350 370 369
374 360 443 373
168 350 238 376
355 365 425 379
123 350 192 381
216 355 286 380
339 364 408 380
262 371 335 393
157 369 230 397
199 370 274 396
315 379 390 397
136 375 210 403
178 377 254 405
221 382 298 406
272 384 349 406
389 400 468 418
305 405 385 425
152 402 241 435
466 438 551 446
466 438 550 447
265 23 293 30
221 37 251 40
514 41 560 51
461 56 512 66
374 76 414 87
466 95 513 104
525 146 566 151
331 188 359 197
282 190 310 202
366 208 395 215
397 209 428 215
314 215 347 226
168 226 207 244
471 247 510 250
471 247 514 252
239 253 286 271
355 272 400 282
258 289 312 307
258 289 310 309
422 314 478 320
174 304 233 328
187 323 253 344
228 333 293 356
409 352 475 363
203 351 274 377
459 369 533 382
217 376 294 400
149 52 170 62
385 220 420 228
292 221 336 239
428 243 468 250
343 247 384 257
371 250 411 257
263 299 321 316
365 317 425 331
135 319 196 348
350 352 417 368
124 375 197 406
165 383 242 414
332 290 393 312
418 322 474 335
291 391 366 411
478 137 519 144
473 193 513 198
433 261 479 269
383 156 420 165
