35
392 54 341 26
267 60 219 32
271 88 224 64
280 89 233 64
280 185 235 170
533 219 460 185
191 202 153 197
541 71 469 45
541 71 469 47
272 80 224 55
217 133 184 113
423 187 376 165
246 188 203 175
189 193 150 189
217 201 174 193
127 199 74 195
143 201 96 197
158 207 116 204
264 63 215 36
538 74 466 48
206 81 157 54
195 87 146 59
276 98 228 76
143 184 88 177
191 183 150 176
116 193 55 189
229 204 193 197
517 73 446 49
148 78 101 55
108 97 50 71
108 97 52 78
141 197 94 193
229 204 189 195
577 105 504 81
207 217 171 215
